2543067701865760726
817115907586037930
8691552939651443289
3668952662588651602
8855870364796291153
3333683442252120355
1074879454017751553
1047029594610258931
1140899176367501968
9078546063977521638
7438117533441733393
3190567024330844358
7249002278302330174
3445627574330943267
2447914604963590525
2029488397840397508
947082698830836725
8882676504122218451
9084964030944359712
8721610322045999764
-1
2343242328332327837
3445627574330943267
2447914604963590525
9043948364647848944
2029488397840397508
2384294372473924739
2348234792439823492
5067498478476233233
2384823423402393324
-1